Index	p	result_a0	result_a1	sample_a0	sample_a1
0	-39	-913217959	531024507	-491396131	-774635435
1	-47	-1631134219	-454822231	-1955872250	-1280170623
2	177	-1096528070	-1541012553	1304548415	938192022
3	428	1641656101	-1260758624	916080877	54062989
4	-150	-1624941644	904012338	1536407073	1247405341
5	424	1858312253	1992655350	997612485	1142437852
6	-130	-135282838	62218226	493235048	594710616
7	426	-295269077	-1131738535	-766175359	1298364669
8	393	-2018956994	709280064	451871868	-1462997321
9	-482	148374241	-382986143	935130654	-537587313
10	-129	131626021	1103977759	426730350	-33187802
11	72	-1605212855	-490282692	-269769543	-1068614192
12	24	1629435588	-1503184688	-1221012735	-1866107294
13	-72	1890229823	827144661	1995739527	673069625
14	131	435841368	262602929	1043853506	-1043393845
15	430	930759737	-1768017370	1544776631	468607443
16	-265	-1975767817	-1888747170	-50762359	-186379394
17	185	-2045549592	-187007764	-826386158	1541022543
18	379	1217754320	1786275706	1906163329	1145810367
19	402	301930194	1331814717	1140072989	2141748232
20	215	-1041920879	180681132	1480564692	1959876106
21	-327	-1255123503	2102741502	393336417	-1590136845
22	-192	1436959287	756105955	1466627083	27394634
23	448	778670500	-1004426756	1982765757	1439817155
24	-179	-776010814	-1240005610	1049684998	-822564548
25	286	-2131903147	316825549	-1549200621	-1978478333
26	441	1806528043	-674043217	400969547	-1857351290
27	-241	1620034059	1774004187	-601809308	1045248813
28	-63	1429840339	1936285606	-2137205588	-335318850
29	-92	-1239459824	-851429926	881199595	1114050106
30	-315	2050250453	-1509024160	72085137	731632039
31	37	-2063774906	-1627098769	-271462382	424931717
32	98	-1134731417	-849905345	2084605991	1787831967
33	360	-2081382571	1537009962	560278461	1615957547
34	221	1297573905	1806752307	-1229504114	814833443
35	165	730324740	430390704	1276877153	24528804
36	133	711700250	-1739518918	-363404417	-1528816959
37	157	586699692	1636789174	-116033562	-162242900
38	177	295819034	-238992815	855670293	2081811838
39	371	-1637750829	-1735922149	2016025799	-249921113
40	-511	-1429568332	-51166062	-355123329	485938615
41	-80	-256814620	-44278046	-1669978248	1803470389
42	-294	-291058131	1492026644	-1559168388	-925012194
43	-491	1354476833	848562405	349630850	1263221221
44	-365	-668702021	886463338	150814551	-1168636035
45	-79	1062468386	1647169040	-315770067	-1852800950
46	334	-685992373	-757556338	-2082471065	-2091232179
47	411	436181316	2129622509	490236859	-470555276
48	-393	-458965445	948702710	-1223984500	-1208580707
49	419	798586673	400552756	883810453	1373454884
50	100	-674572287	465717096	-1030699489	-1000121320
51	-170	1694325903	-1408565649	514803091	1163119483
52	5	-2104047851	-911514882	-1473134063	1981141639
53	-359	-835789421	282286919	-898886383	-1175877712
54	342	1106526674	721298725	1653901925	1643469200
55	-461	1565557205	-1254077782	-1256625424	470080060
56	-440	1589594752	684939077	-1147514064	198329868
57	-262	-937730585	207085610	-1242663173	-437603362
58	462	75604403	1490683754	171126173	-534260495
59	353	1928077818	-1973108425	-677663851	-445939354
60	-173	-491446322	743999964	425105984	954892657
61	-384	593122620	-1396050690	-1596874033	-710553031
62	137	639219331	-1956578961	-2106685502	-649167753
63	-378	1374874875	1401134918	-2111578252	-1736292468
64	-390	-1336947069	1489026606	-1065619448	1444842914
65	-205	-1116768472	47137132	-1995412128	524472096
66	202	-363275515	-574891056	-1048171617	662692879
67	308	1342271031	754721532	361742734	968146582
68	-426	-781288315	1812846572	-1069800969	166722249
69	128	-536792257	464568549	101789905	-919525663
70	39	1255408821	-1527642606	759385396	-94876210
71	471	-1452400248	-1808045690	-574074423	-1627312283
72	-300	-518155329	-1447390542	-1219574918	-1128841837
73	470	753079101	158185927	-1987555744	45873699
74	-407	-1415883085	-551544456	1902821728	475065066
75	-38	133658350	-1593961521	-587356397	-673963670
76	221	-732281896	470485926	-107468390	934309107
77	-238	-1400743357	-1372672651	-716830976	-1882796480
78	239	-197806317	-1216516520	-1721879208	1027062705
79	25	2142375799	-910171136	-1934921991	-820097979
80	207	-521866806	-530992707	724484009	1409536210
81	-49	-1778093935	1204127946	-1109031189	-541347882
82	-134	1196376576	-754629589	-686701242	526617701
83	179	-378104148	563515527	1664794698	256742003
84	276	213808707	1476771980	-682891664	1408499921
85	-486	-1854596361	36864574	513483332	291400248
86	-226	-1957307572	1680984176	1785364581	1493477161
87	268	-1027929993	1216575209	-834019273	-564883905
88	-335	912240756	1335218904	1769277515	-1282721744
89	92	-410528506	1831089965	-1440637264	-1641016698
90	336	2078800214	1277492145	-2061814254	37429100
91	509	-1008140552	164772245	1567369338	1940521241
92	-359	-659772112	1249259934	-201758972	-1746044128
93	-333	-1068560669	87577454	1702440750	802786570
94	21	568768219	-105447844	1265411655	-1069267271
95	25	-913078773	1987349775	1253908689	1879654343
96	-431	-1188968154	-1792003136	1888004680	765439641
97	-406	-1557475098	301532967	-2135114702	-1976381333
98	-506	-533510070	-127351784	-1775315816	1215798548
99	194	728403662	-1131316821	1509926336	-1888932371
100	-300	1655071114	464813492	-233713628	116142526
101	-390	1176011284	-725587543	-852997015	-2007065310
102	111	-1934717677	-480329080	-821944259	-787877790
103	-246	-12290383	-1048585733	-1165564332	532107063
104	389	672698217	1761668443	263578110	1009124197
105	366	-949245390	-1644126250	-1811674216	-63048728
106	24	894836980	133490429	-2030594442	354563440
107	20	2130533224	-1482454048	-1299105503	-893582379
108	204	-339789980	-1288973212	1253854109	-1503001266
109	449	915134300	786938635	-973467573	-1125684338
110	-263	-1847499101	1451167287	-254349344	-1802897118
111	206	1527290259	-325842556	295601689	76238662
112	-256	-1823634591	426129129	1582818881	-1652645909
113	-161	782100186	822830526	-117304099	802849262
114	162	1458823616	17429021	-1357362963	-439785849
115	262	41362365	1274549202	1866906853	1860792346
116	-103	-1222966287	1019175424	-1057522811	1611329393
117	222	-2140320235	-18383784	1703366720	-1869166269
118	284	-1652776169	-1713472015	-1846635499	-406509012
119	361	575245137	145965715	468073047	-1734413315
120	27	-102227242	-1249990229	-673395770	-570731039
121	-335	-200690947	-1275950030	1323614009	-1645200333
122	133	90482340	1273896377	-1087094234	-1806484823
123	-398	-875044282	-861747321	171754052	-1764083393
124	174	600669698	-484706461	-1075202710	-1100462898
125	-82	1567210617	-912770664	-34064752	-1961417727
126	254	-1244775953	424468228	282072141	-274951485
127	332	643419245	890550800	1972594038	90062919
128	232	-1314553302	1832122151	-2023938519	1198530984
129	-90	-431747067	-1992021556	299784730	-13153270
130	251	74056995	-728556692	-648734072	989122076
131	196	-1526005656	-1145609834	-1693798060	-590760009
132	356	826420139	-357823708	529607674	-828580962
133	427	1887325107	-451031772	1983676853	-1088788565
134	28	1642116992	753998997	703568139	434397729
135	403	1976782827	-340725917	443835696	-1465612366
136	-259	1426800029	-118440152	312321646	-36920668
137	204	2014112716	564394339	1929914192	1121195900
138	288	-1518057212	681777225	-1038524762	-1409888821
139	-272	-712602453	-1719707067	-1851802139	-2072974713
140	-198	-2097746574	1837972565	-386049936	-674595787
141	267	1659190000	-2096487564	1221541716	-782711006
142	220	49791992	-488320838	-339600683	-184937330
143	6	107192048	-553504155	-924820237	1415174850
144	-124	1819553130	1349405021	-304820741	1393451098
145	-253	78531297	379162237	454782548	494285465
146	186	-1577073227	60262994	-333618680	1891886793
147	-215	263056174	-1418073979	-1453474376	-579099927
148	509	790725748	-1743383484	1548908706	1365448981
149	-6	1146369904	1366107821	-821311283	1817674915
150	-445	562536512	1705107210	-600802528	-256341209
151	452	-1900957753	1947228455	181452954	-1728795805
152	-380	-1620379948	-1606647768	-825026596	-1044711940
153	418	-1273101257	-243959993	-717366977	1888117694
154	-152	1021876727	-1822375228	1764256524	-2026173073
155	375	-214776691	-1085254903	1836864027	-1838991257
156	-411	167534175	-657085362	-676588972	1520563681
157	137	1749473156	-811711364	-748292122	-1891939042
158	-367	-1157876942	-1274736055	1396378194	-74578023
159	460	-639269542	364455330	955034197	-1699756537
160	371	648346287	861101754	577841155	1277666291
161	419	-350939636	-73168002	1763955630	-1536659113
162	-21	245790952	-931959699	746247780	-585727795
163	-337	1867233840	209808846	1680538010	1845924684
164	356	-685454107	375113968	258839543	-513566386
165	-504	-2098797870	-711834380	1975482488	2100795306
166	116	2092409256	902820049	-1912088906	-397577316
167	-342	-1246768334	24848971	-354873683	781913691
168	-299	-1119581712	94891800	1999385528	1002530134
169	-253	2106986088	-1815697074	1200412656	1468017837
170	252	1897276828	-1398180971	-1991620614	-1664360190
171	63	38094753	496760645	691976496	-1744892207
172	-311	-466644903	-2115271869	269534722	1413844322
173	61	1241207312	603848188	1190299875	-1735119532
174	-93	118684477	1602480937	-1495316647	-652856218
175	-276	1310341058	-740781516	-122320939	939038483
176	-478	-1467233296	1709816474	-1796175942	1719857854
177	-312	-1187092704	1726658083	1581466054	-637924142
178	240	631159380	428695220	-1801149365	-881443447
179	89	1958052535	1352747843	1450640598	746190259
180	-175	990133281	-498710347	-2048241232	-48222086
181	-26	1900028513	1689415937	1394687474	734338471
182	-327	423833552	1306451284	1880235835	-1554851096
183	137	-197047782	1176318071	682969898	1208976735
184	194	1630236656	289401400	-1834171750	-2085084118
185	-164	2035672911	1947520545	-1732170836	-1755021392
186	36	1571131511	1902494297	1738466218	1408574293
187	59	-915574962	1199455219	-845871598	-402702815
188	17	-1621572246	1337231051	-205511177	590645468
189	-301	1607809446	1282931879	1292348864	761941279
190	500	2069292310	-157892718	1018995863	1587414957
191	227	1286291772	-799251813	-1415899929	675915082
192	79	-2074052359	-191815482	795319389	-1583707496
193	-69	642837161	-1379516033	1484013814	-1090683378
194	289	185476753	1538606257	133310365	963850266
195	-256	1956587089	195946953	2025660179	-921298486
196	-405	1957525050	-1162657890	1868232542	383111459
197	-182	702099380	2058004741	1516935830	248130210
198	-418	-617722837	-1635469638	-1658004680	-721279951
199	-111	1206021652	526529382	-632210718	433808447
200	359	-533720398	869329880	-478990733	-226612433
201	270	-213916394	241085934	-637412514	-233517392
202	-199	-1099773401	-1020783714	78899813	1222763045
203	-298	-1068430984	504997291	604608552	1046729557
204	501	-558585201	-1763723870	-1046262530	-1920562952
205	260	872179806	2109680725	536446698	301810799
206	221	-99885207	-217670774	1087138782	-780590348
207	-243	-395144443	1613762937	394168805	828635982
208	-122	-1514999605	-1598861888	-452456010	-1493641171
209	353	1292822367	-104358519	-1629418737	1152708788
210	-171	-851835972	-2037581943	1372379621	-1665514641
211	-372	1680013751	2064229621	-1961202028	168559571
212	330	-1528404799	-1548719676	-2047488261	1376562548
213	-90	1865582964	1497708547	347973325	-1398271454
214	-467	-1505284855	544560978	1928303942	-949392089
215	198	-991989219	-126879998	1703044057	-1464801086
216	192	-1183211463	1495728670	1638009681	-2020874791
217	-158	-1952832848	-583796629	-733392556	-808952311
218	345	-1048300190	465630360	-845738350	2064038106
219	-147	1910109314	-1669035694	-1896056398	229698678
220	355	2031215572	-1074394717	-342952718	968588263
221	463	1248141948	-1765099303	1209236792	13820074
222	0	-1663800539	1080357610	-958982444	-1417933226
223	192	-620537577	619946065	1527264149	1687236733
224	-491	1782637433	-1530902775	1711018125	-848545696
225	-449	-1084586545	-1127899820	-2083100157	1330166463
226	336	-2098702670	1519588551	-1933825472	1066533775
227	-309	-1397953913	-256119812	-2101782804	327614755
228	-349	860471376	-265655142	-1910530473	40054853
229	-177	632264279	-1826095023	1427085309	-218338016
230	82	-245342569	1796432942	-566315171	31423774
231	117	-911733442	1123622642	-2087569882	464930757
232	148	-532179480	2138730677	-1849883642	1476353731
233	115	-269951758	784857026	-704007868	1203447257
234	325	-179874781	254032993	-1136084497	1710898416
235	109	2110195904	-1471156447	824534916	-427120328
236	-37	1855702120	-1501472430	-1090782671	1757438093
237	433	383358532	-948385107	-1342519650	-1865121390
238	-430	1612562267	-1984889605	580518040	1930434038
239	174	-707138842	526807333	758962531	2014277133
240	42	-160655709	2022185485	-1408630379	1105786443
241	247	98650097	181273921	1928752999	-464456869
242	315	-747689189	328783965	-520610392	1546301609
243	-282	-1736087080	-285523772	1750304067	-2127505991
244	508	1347909455	-2073509278	2031050552	1520342220
245	-469	-665066339	2006577768	-13003247	-1240796435
246	-381	144353813	-1350629992	-184648561	-207915713
247	485	-119609134	1212071410	-2028995829	-1544505585
248	-495	-750905500	205720810	-505290844	1649757719
249	-108	1648697405	1388849531	589101819	-1437691337
250	-500	-1447206660	-1669362351	1410873625	-163063525
251	451	1899076797	1514989830	-1338646089	-999955784
252	-408	-1461687908	1757098369	-838559050	851288523
253	-508	-1785548813	-1384652091	-861912260	-433468235
254	-227	-783227969	-1871978012	19752459	-1085245999
255	-470	1835771800	-715579640	347595870	1545776192
256	-279	1882540078	-591143587	648782550	619001359
257	253	-1833840306	-1277664604	16098660	-482267295
258	31	-1081604434	1981992268	1951506760	-129899217
259	-199	889279282	-480347791	-1822246963	1565198456
260	45	-899446701	1110741730	643071453	-2037213380
261	76	1731454698	-935120285	-522739711	-1777744033
262	-60	-725872108	2040466113	1408700463	89644397
263	274	1418951918	-601399590	-1172767536	508666040
264	-282	-390207971	-979966922	1227339487	-767721781
265	283	-272434192	-1246882244	1750975920	-377030061
266	-472	48387459	1156050175	169078645	-1193441851
267	462	-531507576	-2041605902	-1331102754	697467641
268	-502	-1210059101	-1902527341	-1695141033	1705733191
269	440	-1602702115	-1666644639	-1736168374	-1544385767
270	27	1504818954	-212044707	-1067303321	-1739185880
271	230	1955000004	125021426	-630308468	1420190079
272	434	-430634949	-1298339271	1968454483	-1475643917
273	-274	369016478	322822639	-667425984	674817597
274	311	238767203	850983826	1242188965	749338041
275	272	-990953087	-1602290943	101046243	-428593273
276	-216	-558434119	646362197	-2022351259	-477296598
277	-451	280333378	-934075200	-417324678	864673512
278	10	-239107602	-168452909	-1055689937	-1650752549
279	337	-125678989	-1956773085	90177983	-577490648
280	-129	-706956023	410680474	-1770619676	1327136426
281	-509	-140607294	1106091226	943316383	1776293882
282	112	-286682695	1556009372	642389388	1700787341
283	134	2071321074	-742187069	1328810443	-1123615207
284	-168	-2082534511	1532843985	-1376198823	-407534717
285	484	927697484	1849504905	86815971	-1142151975
286	342	-990710171	1897586183	419735616	-338134917
287	342	-1369742309	913147252	-154269336	-1948127765
288	227	504316927	760541983	58670640	778819015
289	184	-747006513	-1683181914	-839328224	-671177637
290	-319	-2000641820	512347328	-1821101361	-1465594945
291	-71	1738482176	-441965499	542509921	2017568338
292	-26	-2027953363	-969846833	1146657768	852666884
293	119	-1326036403	-1494946863	-97682092	2075029004
294	-303	2045205406	-828631972	2019060476	-1510743398
295	488	25076336	1982199455	1350862452	558341764
296	403	405310943	1620225024	894099319	-172482667
297	269	-1015135320	1249447392	421303166	-215039648
298	-61	-390075451	440993235	-25841610	-274728196
299	199	923503220	-197789421	175419212	-387929698
300	172	462208655	1907377099	218308705	1576892576
301	-168	-450015220	1069483306	1251365221	1091578033
302	-494	1030299665	-116579127	1555288762	-1019115726
303	-363	-699919435	1356517140	-1992829032	324895383
304	-284	1914363620	-420790234	528943508	508295990
305	321	-2146805805	932614602	-1932300528	191408788
306	-438	-1859980893	-1891148440	-467972537	984650794
307	-292	-1308507496	1551311269	1791752013	1096241935
308	-481	920007356	391290536	1100598719	-1937831253
309	-424	-1401864586	-692518238	1380522981	-1419535072
310	280	-1356526620	589479373	1709748480	355554908
311	-301	-1687888245	1169527309	-569182233	-1242646195
312	434	1316344887	-171239613	609600362	-609583947
313	411	578889270	-2081367863	-369726168	-947912201
314	251	130384136	-1591375964	1944990724	1729084171
315	20	-914076655	2037284481	-1742577992	-627800973
316	193	-744776556	-984292342	2146626599	-664131938
317	277	245715402	-866810937	-1725801956	-671009207
318	247	-542945074	1307675971	-1722956911	-718548427
319	-157	-489518455	791950628	266617483	-338152530
320	-22	1201251072	1418526528	834794733	-97022195
321	428	1946757293	211889518	272726970	-1658228059
322	491	903547405	542954649	1708110680	2067784144
323	472	-1743933184	1582221152	-1834953929	-1662807616
324	-450	1661589585	-1494074421	417784146	-2046896457
325	430	1637246951	1880222699	116771554	573638716
326	-449	1342468521	273040921	-40635186	230437119
327	491	1403270527	1511147227	-1771528488	-794258266
328	99	1709760715	-1390021521	684935516	-301031014
329	296	1720373682	1653528184	407917987	-1897093012
330	-473	460883601	-1710795651	318699897	-1090770709
331	169	1869775296	-1665271128	-155803662	949323437
332	-383	-768143737	1511825460	384378300	-1446705093
333	-371	2003022050	822282134	-457749539	-1548912947
334	462	-1831693182	-266520780	814887498	-2049797121
335	442	-1398746008	-263898463	1002986893	-2078128464
336	-501	892831138	166624231	377257180	-270906433
337	426	-84437730	1811217835	886785539	1032755950
338	-55	1290742459	828318515	-532535467	2037646727
339	467	1755866011	-901635718	-373431348	604400587
340	187	-2008146610	829677568	1554422941	1213381574
341	103	1752120565	1659951712	1917163368	1209263010
342	282	-1602116476	1164140132	709606813	147278413
343	-261	1030843536	1396193301	60032364	-1594596715
344	-301	-1510243323	1080339058	-2052507054	-813853834
345	222	67355794	1727057352	-1649977611	-1088615555
346	-502	-556876458	1376321506	1774659038	37849491
347	408	1679764708	1848349405	-82865868	1978601159
348	-312	1011987888	-1187439492	587963834	1326749351
349	-220	1742143404	-195305874	1346792496	1658209612
350	423	-1063272705	-1272379302	872452666	810466302
351	187	1965847156	-161377949	-1417635686	-234045404
352	94	1747609407	1516705120	-571627004	-2123393782
353	-133	1626019152	2125595937	-1043654003	-669093206
354	260	154203212	-270272082	-517727545	-231923583
355	214	-1986759556	1126412316	-1861902664	-1658904490
356	99	-1982941326	1837898846	-1927051461	1180073203
357	478	1826637305	237846750	-1191684651	1316235032
358	207	1357898488	1508606846	228437657	1060808625
359	-428	-1173220858	82062958	-1803257157	81182155
360	-231	-1070268246	11705174	-1335817918	1507284100
361	-286	1396930732	1379816507	2077360058	534125727
362	-344	-691112159	2110591477	-857075969	800927992
363	198	1131368787	-181804922	-2082727013	-304533421
364	463	150768768	2039525034	-1443314477	974856066
365	478	2133176352	-2115558171	-1366906006	591141013
366	-276	-1859975639	-1367635427	-785493574	960315207
367	145	1177945552	-59420778	2015295505	1384409104
368	-266	1044638850	1094585723	1239481578	-380692784
369	-385	-1664953030	-1537707970	1307677411	1933515770
370	329	20123918	-202976604	1379404965	1013967275
371	73	847060534	-583230755	-968383395	349718929
372	-29	-1153499192	-1563917356	-1266574036	2076203935
373	-238	1623854473	368789443	-2044248606	-1553819951
374	-93	-2145878637	-232988115	33984826	153224001
375	-432	-2061316314	3894187	653363017	828184563
376	-204	-944793983	-939641323	1085207855	-368567571
377	-295	546444078	-2109125245	-1466939134	-1188613428
378	-338	-1651312489	2126312375	-1640540454	-594472602
379	-474	-1674991073	-547938448	1255268210	-1967629650
380	503	1137469461	-1454541366	-1579592600	560440831
381	298	1421517271	-761920296	1056051794	-2025125690
382	-444	654985090	191606544	-983556095	-796822673
383	495	-2060364283	-438555494	-2121615735	-466300153
384	-163	348246994	1034659923	411109207	-1809417809
385	-490	-1600910636	1186396042	362247075	-1488762769
386	325	-440352563	-625973210	-1285387040	-356761404
387	-89	1598259772	508590507	-1903563815	1617385375
388	162	-303889430	1345673150	-1184104708	1554001004
389	-4	-90311625	349392886	-1327310537	-308170114
390	-167	-13231385	448147042	40514311	-1630936602
391	-56	-562724068	1984360197	-1606966924	-498830730
392	-38	-867746634	-1888490690	-1157734102	-1622660028
393	-70	-1555548854	-17217527	-1657683948	618259275
394	507	1540426014	2050227566	650095203	1672008038
395	173	-1162609116	-1457606620	2136106148	-1214694161
396	-509	-647313669	593860829	2058666906	642966308
397	286	-1828674529	1107160955	-1290015830	1872964876
398	-459	750061710	-336776068	653827883	-1094941015
399	-280	-2132604812	-173736189	-105737266	1437032044
400	-415	704786566	-1395108953	363203823	183284009
401	-262	-1054286205	1517874988	1969619202	-1871645889
402	404	-1920460816	-49718535	1080141711	2126613074
403	-457	-1685311589	-1835750634	2020198986	1473302531
404	370	-1585140953	1615658237	1830237483	-1558719643
405	509	-1327422047	-1286607204	-676136965	1164007978
406	191	-1720593049	-1111780049	-1277447469	80077085
407	446	-630972242	-733296497	-597581027	1393986896
408	-384	-754925781	-1212068121	-568709785	-841880438
409	-317	-268610177	312859669	-2042686547	793660073
410	94	-1054955849	-1209077999	-2145564264	829177381
411	-503	1948511543	-1109289712	-735523521	-699199014
412	281	310174761	731127436	393981405	-171258049
413	-135	-317954876	1884157810	2099917615	-739922723
414	-134	377805116	-1533954384	-1022040329	-1844796413
415	1	2145137812	1304168840	-14384597	1281645377
416	-334	-1956870862	634028030	408805188	-373180990
417	-212	456943922	-507681978	1300483046	-1347123163
418	341	-1461831406	-717518032	-465701409	-1538124773
419	-305	-1831191462	-1413745617	-25641894	-114709610
420	-47	-381856953	2078282860	-1626688691	1243046365
421	-170	1329851901	-409677422	-1735666657	171526152
422	491	-1801887848	1595556589	-1616084553	-1375333236
423	-19	1178649308	2118551272	-1107238936	-1188148514
424	253	-263448731	667625251	1450931798	-718778177
425	269	-1335546884	-1909106475	1825620173	1261485820
426	489	-250114344	988231960	-935206139	269630571
427	-7	159141110	509085468	1909822944	1865154560
428	-474	1025662369	2051140364	-876214785	93928448
429	121	-820599190	425864516	1086273715	-804139396
430	360	-1307947177	90251986	394650605	-2072812609
431	306	1981076080	1066465983	-2122645545	1635548964
432	291	-361318307	720525981	562275490	-1561753145
433	-49	1226140659	-1078258946	1452404076	-2078362270
434	-27	-1314813231	-1734086637	-2057777918	1934188125
435	22	1431842945	-1138825238	-1203652001	-244892977
436	93	929559719	641121529	1865576058	485343636
437	356	-1572881305	1368428354	1054154353	1584473557
438	-445	-447422734	867039434	-1396457409	681588928
439	484	-852894279	1063891893	-2031579477	-231281294
440	-257	-170706517	401492423	-1242437187	-1871223851
441	110	-692077847	254508280	-476144034	831905006
442	404	-125599218	-83100752	414788680	-1830050656
443	126	-1569008572	-1924109302	-196200677	977826013
444	437	1152379234	-388152040	382904463	1865903612
445	-166	-1618578081	-1438495877	1814576224	972155257
446	118	496969547	-645885756	680219599	1011126513
447	-371	-1721375896	-1915359187	1929953988	1563563132
448	-428	-1825154173	2069244293	417076043	-1014725676
449	454	-1348896954	767141242	-905513415	-635205455
450	339	1355077028	-2112614872	-1030769382	442999740
451	51	-829678460	-21105576	1890532868	-497790121
452	60	1811622124	125691341	-1582073034	1097246000
453	269	-537729478	465075680	-666219581	2032965727
454	-3	-1397139814	824692549	433072621	-1790114395
455	-296	-1666681962	-1822374508	142414868	586868819
456	44	-1285340980	967172922	279246637	-551376030
457	385	-573706522	1454324242	798887562	1293596018
458	-173	-1339915595	492869707	590944441	-2042080087
459	-290	-360631673	-1945006010	-1717923806	2044452355
460	100	-1491649838	-243704777	1419414025	-1494203578
461	-352	-739037945	-65226259	1360553833	-1581367813
462	109	329086031	1635373062	-1638229059	-2115449861
463	344	1844695177	-1746585689	795331273	2104815484
464	-361	-1534423015	463275979	1902932669	-1389314969
465	-465	391217812	2065529166	-729617759	1829116969
466	-355	-1375149833	657344227	1070002698	295152038
467	-45	1764838139	1743218166	-865964936	1762195580
468	-186	-62547038	-371568055	2087562542	-1735499966
469	-222	1342383630	-713686966	-472835217	869096656
470	248	-1699047263	-401254684	1423140715	-2076876141
471	491	-986725904	-2050370054	-1584418821	2120878244
472	459	2091140467	1663170742	-1720506259	537465798
473	281	1907711131	1414208597	540800925	-533344140
474	-426	131985753	500780462	1921765290	79645071
475	-216	-1621993601	-2025441227	2086331469	-732468544
476	280	-2010209222	-1392577570	344362256	1124020475
477	510	437569383	870037575	-281655061	1241609026
478	-180	100637381	1629170706	1116277054	772838731
479	-489	-1933703972	644502388	70315285	864689844
480	-145	-784964483	1934069297	-1167866636	39095235
481	-380	1724596612	-85197497	364284789	1835252392
482	-418	900049413	1172071634	-442653546	-1668345093
483	-188	855372381	-1678608466	1951002384	562645813
484	294	268838743	-1790350584	-755876372	-507948077
485	-23	-1769681035	-912514080	-1759831797	667608958
486	278	-1045415578	706305245	129212882	-509053203
487	106	-2122801377	-1844056390	-1948847203	-1602152524
488	220	1549354303	-1293624648	1613746945	357793031
489	-100	-235714566	-1370280807	1269729031	1876846529
490	-489	-141470022	3548798	1446371307	2046394956
491	-351	921164617	-1202792976	-1791228724	-1347913359
492	49	312147732	129252085	-322960972	-317316735
493	446	2110821867	720849285	750821551	-469862173
494	-270	-1721296694	-2035331365	-1066494385	228707446
495	-410	-1624378926	1245150582	-444380505	-1257000933
496	419	890381715	-1571729971	-984766533	1958832451
497	-318	-1195675604	-1058662976	-766538947	-1970174360
498	29	1877356830	-1175455605	1613379470	-263561968
499	-409	260997509	-1426251674	287838155	-911445334
500	427	523032980	597816155	-1848333508	1498192593
501	456	-811374928	1490090304	-279481449	1690403438
502	-137	-1181333058	1332735529	-1152568434	-1080032413
503	-278	1136926742	-1280521323	1655887470	-2041520963
504	-225	-1613562024	-1244618519	1315112349	-1451851679
505	235	-1573258776	-985246914	2022579702	1040694173
506	149	2054071730	-984025451	1586899522	1075099883
507	49	589242862	1352930223	1125155031	-1597846641
508	12	-194577108	-995826263	-563510811	-1559457374
509	-248	-1422473923	-1488706383	240218304	1114336419
510	-27	171758934	1718790931	-484738454	432156872
511	399	-1023965070	-989374945	-1726624869	2111298798
512	-337	-1444088732	1853154987	-68414707	108313072
513	-429	1197125284	615687881	59770445	-734839783
514	-289	-216108080	-137003520	1847531000	1028474251
515	-147	-1118335649	-1065609179	1418510517	-2146306902
516	-170	1620522497	-345683586	285187218	629011053
517	-207	-1655821735	-1512147301	-999585163	-749046628
518	363	1040938872	1784257835	82952361	-1086683087
519	-416	-430027144	1365784908	-1112811403	-1593858771
520	239	-687773784	-1174172514	-1931838208	-137055447
521	185	-844010408	-128843875	-1614029858	-1529468921
522	-254	494316117	-311454150	-548194847	761836427
523	398	1994707677	1621299480	1325457278	-351795176
524	-163	-1543356822	6887253	45086773	205001989
525	19	1101720941	-1162539212	-457163038	-1077040582
526	-49	-1387186481	-623018000	-1237497508	-134771782
527	-316	1811612822	311572642	-819994032	2078769283
528	170	1508239474	-1527613451	6869574	276138598
529	-434	959734074	427604411	2126735009	-1798052387
530	378	302155689	1840122532	955866692	526627640
531	439	1543089745	-1497899580	-508993434	-678146086
532	-322	712163556	-1607497821	1664988966	1006603138
533	-187	813741895	-1635649283	607604329	512982712
534	-390	-813845876	242120895	1927336602	1742083058
535	307	537337907	1007720998	-2085079322	557332540
536	-320	-1818094527	1730826693	309544451	234701244
537	121	1088083279	-306266243	1741918619	-694766433
538	48	-1471915385	-1323098324	1675494638	450678144
539	-57	550672596	1457029580	-1883625813	417284540
540	414	1106122275	-1458688508	-1864698057	1281657279
541	-125	-1874501230	-712246424	-1523777418	-578708080
542	-139	2115340399	-1840219935	165035630	1996797194
543	-331	148042328	960102618	278372580	1968689411
544	-225	-99891203	1729697583	1820035253	1579243805
545	132	-2017009359	-2096262400	-178624822	-2103891351
546	227	-1188917502	732501326	-1568245471	-884028472
547	-156	-972241520	590805085	-553626403	276911273
548	-315	610546214	1615728570	-526566427	-180077708
549	267	-699995788	1093103197	73677129	798243881
550	-163	-556286961	1358654753	2104559943	-231612489
551	372	1814920825	-2092081467	-1478453615	-1651404153
552	483	-62655920	-1328950346	-271211493	-1906779621
553	-334	1000962257	-404257205	762034058	476292925
554	-199	-2041661960	-379030317	-842217745	-1266445653
555	404	-726781978	-975758040	2041935610	551660885
556	-309	1245665930	1155654785	766287413	1143389453
557	194	1364883624	-732440619	-466900962	-905022154
558	471	-74941560	1185203530	1508812862	-1489647188
559	-88	104810517	1409851586	2113239200	449418683
560	-344	3151301	-599208020	-1276674425	1357411725
561	190	-1793316182	-918336789	-1675838266	-1998698848
562	134	2015262827	-333181823	-1142984212	-1503953434
563	-352	-2054795684	1648365789	287839612	215942883
564	-139	-1692375560	1168636844	-1304499998	-1903776316
565	405	936788804	690641719	1918542108	-1052520555
566	317	-396140880	1289262571	-557355905	-1711731035
567	70	-85942536	524993524	1204173096	-2062601952
568	346	2058903512	1032318718	-34441453	-1258169496
569	50	-307561476	1546108037	1535491089	2081263950
570	-176	-618830637	330625435	-96175088	2146733142
571	-443	-1432557668	-1995396304	-186656690	-900215804
572	-249	1315687851	981561321	-1893326985	103387564
573	181	-404614861	-266536136	-1236078948	-1807619186
574	-440	12044676	-1830123673	637415857	1796491066
575	269	-41594741	-1604189968	755429153	1991972068
576	270	610854401	-1521088520	-1548123365	-809421697
577	-370	967899178	1262282410	700672438	686874088
578	-123	-946744563	935806993	1073259146	1583146454
579	-286	-78046754	786900805	-1552847757	1076989689
580	154	-2145985023	1930285864	158480444	1890833692
581	-209	1785533973	330707962	-1154658395	-1206668587
582	90	-462651161	68540991	-163558342	-214010611
583	56	632110830	-71664418	-93572635	2071476379
584	297	1631474137	-1754811502	1770488066	1246803763
585	-375	1342972135	-1342248208	1138435830	-2077513128
586	213	122647673	557513225	2129942743	-1697476698
587	42	-2132136788	1122337905	1266109999	-1433472024
588	287	2079940131	-1145873275	-1698617074	487365637
589	-399	-901536582	521899828	-344076610	43959376
590	508	-1500680887	-2138564541	-2079028869	-182163586
591	-12	228831188	1792492622	-262442480	-136912722
592	286	-1281298438	931509392	-152324383	990647121
593	477	1769959809	134286085	-946627441	576125023
594	304	-706677487	352315676	1027162846	-892588674
595	-418	359751145	-174944184	431034367	-295760081
596	280	-1231343428	1283103576	1381869498	765462858
597	206	106660526	2052155545	-721466779	1871999831
598	-395	-1039050819	-1300710950	2007126339	1226345821
599	-458	-1574698341	-669524271	1182327682	-2127556151
600	147	-2089667061	-461483975	-976395980	2023467303
601	-271	691466360	1369314711	1507525771	-839847982
602	498	-408223938	2047627058	1891449288	-1811756075
603	-66	177129912	-2030804776	-1883128422	-683659454
604	414	-1270015480	-297511547	1585279690	837471005
605	-447	-1052689665	741940526	-1438781435	673035530
606	479	1808147353	-647167670	1463992996	-943402608
607	-348	-1959501608	308682286	1873480103	-1305133024
608	-114	625185740	246960767	587260828	2012210480
609	-354	1283021833	-829572629	-487784260	-503505481
610	334	-1479712659	1491252354	1313453516	1033559534
611	-303	34799466	398156349	1542147038	102908352
612	-374	2144096986	-1917018767	1642113536	-1693148055
613	470	67559019	-857320622	-603725881	1816293268
614	-356	1812269588	-2112417656	-1650231271	-568204788
615	-182	1310427091	-132437470	-496178521	-1967531909
616	208	-1148905744	-359923492	-422907583	454761820
617	72	-1196649670	1921712003	-1704494102	2114890189
618	190	1775912912	1765063286	369923465	1452875140
619	-138	-591151178	-201476355	-509019475	-734302051
620	256	1779394846	231370363	-1288962914	-478772095
621	232	893770778	-1306075754	-951452580	900648882
622	416	1075318028	2051025421	787625371	20256532
623	51	711403575	-724171310	-898949376	-596377307
624	-472	-263960285	177928041	1484675882	1742021368
625	11	2143770606	-1490270952	48099008	672518877
626	-182	-1344882104	361651797	1114144197	2121444640
627	302	128862574	-787880634	-1478014497	-427104506
628	322	-364084410	1113112698	1039728168	70467245
629	-46	1954081664	603585709	-250225391	296388547
630	-150	-1483584839	-1028700018	1704407601	1899459856
631	205	-1694334887	307851282	-1450510135	98058751
632	-268	1836181482	2091076504	307627091	-864710574
633	129	-97769533	-2090637249	1111687614	-62219747
634	-243	-1623819804	-1017783440	528983920	-1147750409
635	-448	-2083692102	778889879	-1729336447	475240165
636	219	-1910140689	-1411497984	148893069	1508391943
637	96	-376328048	-123134875	-1372840776	-1375814036
638	-436	-2128532205	1318301276	247578304	-227375439
639	374	-276616278	-186068761	1922018846	-1863377657
640	258	1277988812	-1748302435	358488522	-1177427990
641	-252	-1793542700	-1040107167	1402749533	124957706
642	411	-871129045	1305162034	610514024	1832133883
643	-85	-2132577953	1125870630	-554142534	1919988290
644	-397	-719581806	195228442	-2094513216	1836617742
645	206	-830071412	-1708777425	1275188203	-1074133612
646	-328	-877394478	1387588822	-1968185447	850610933
647	45	-1757203664	-426940313	-195149087	-1422216545
648	505	-679993007	-1898016266	-1856008574	1619198123
649	-104	-1496991684	-1356151986	-720773916	1474028361
650	505	1477050562	-1732127809	551729582	1914281001
651	382	27918223	650635804	-1580446967	-1238894653
652	177	1706267472	185557893	1092854671	-593012939
653	-283	-990189863	-357446133	-902198665	2032258637
654	102	1927018067	-1657558912	-1281493337	791609866
655	193	402333969	887852106	416376535	-622875932
656	-95	-785696010	-2046852838	-1968106283	-1898021403
657	293	-1897460354	-1969023014	1245499381	-1305052247
658	57	-1560017256	-73392922	1679707637	1751498919
659	151	2129017918	-1988960995	-659754758	-606151226
660	-422	1665044535	1987419248	1457767007	-2001694958
661	341	81185663	-1650879441	-1882319015	-2089333157
662	462	-41884961	-1214468288	-1180789126	-22712540
663	266	803092020	1788185324	1081528341	-1698560510
664	-91	-237541463	464349473	394925291	-784362483
665	-335	240285512	344284309	-1733004283	1548898313
666	-113	-1826843058	-834752185	1963354545	-93324088
667	-5	535716063	-1427697224	652052495	1064610010
668	508	412545287	353657428	-1417024968	1654711896
669	-388	-294411686	-1647530309	-1277154141	1998554221
670	-447	431479869	-1322616835	940705443	-1798179908
671	415	1961058485	1874189765	-727845106	-1048955467
672	-421	-1628760276	2103833813	1952078093	-579803904
673	-327	1570776429	488834692	1179071252	-484447913
674	27	11863733	489012818	1402085445	1981434070
675	-19	-901095775	-779047361	-821111143	-1039982824
676	-418	-67857218	-1625699102	1605486000	-2005640667
677	131	25649696	-847345870	-581038721	-913800577
678	95	-883331432	-969127472	165788522	-87251818
679	141	-451844780	706786696	1885529337	-1497376936
680	230	767292955	-1461039293	1152198557	1214967697
681	497	-1539001013	-2135871768	180691887	-382992683
682	40	-1372811367	-97762476	-974939756	-1855688014
683	-508	-1562107542	-1585258659	-1695470972	1295217260
684	-296	382055627	-1528705113	1600415261	-1153061344
685	458	1066919152	132033170	2012453032	647382007
686	-293	-36382	-1007170807	-73225074	2096540457
687	-180	-79848409	94068603	491897727	922774422
688	312	750463777	-439454283	-514495590	1782383660
689	-62	-269384041	-586033498	741015549	590256630
690	158	-1492631016	-1346196083	1481264183	-520929338
691	121	616914176	723976177	692307327	-915901360
692	290	-482998354	240830932	-207229857	401527590
693	-438	-580891077	-499995708	-1640525165	-1698587168
694	397	-1691189485	1534107503	1429736054	-983618301
695	-205	2073598475	-1939538593	1216145444	-2146137150
696	46	354996314	-881850095	-1806544400	-253478670
697	-94	581611230	563922788	-634254566	-618544287
698	50	403174186	-445159945	-1005598464	-700076956
699	-290	-1531544212	2121371800	-554733049	-1694387983
700	-403	1188083810	-691286630	2121071567	1961803326
701	416	-920442377	-337238306	-405545833	1436306804
702	-78	719450039	-1791895830	-1289397074	367549529
703	-240	-1504426492	430696483	-1586866135	1954823110
704	-272	-590304667	1223554865	1687665594	-1907635678
705	-269	918060801	636770402	-526785949	1863257183
706	-268	-1206935737	-2018107951	-629820879	-1434829734
707	-226	915450736	-963063661	-696198152	-1826434959
708	-305	-1446061030	2085849517	-1632869844	1106699001
709	356	-1647938851	399910056	1412268275	-379824943
710	-343	-1474029282	1964568632	-2113118429	-1599665438
711	-188	-1069027874	-1950567627	-673067853	-2092867634
712	-55	1979560428	-1309598898	-839267069	932451178
713	496	-1181043203	-1822733956	741778412	-163253740
714	105	-1134417602	2123083813	3100208	176798582
715	-96	143275806	835280939	-219650828	-1702738474
716	102	1341699999	-1032494237	-294748472	155023307
717	-405	1837484149	-1427259569	-1723103065	584035162
718	194	313825127	-1937285108	752188712	2124442410
719	-176	504833727	-1061052586	786150376	-1941989094
720	-359	-1663435348	-1705401996	85941554	1101963356
721	237	-418851782	803057339	681525076	-408486936
722	236	-1457739622	-319064006	1632146613	-1701470062
723	120	-581232236	-1002124081	1603765105	1274648894
724	490	1907958005	405865907	16119284	-798698909
725	319	821130677	788517214	-1377772051	-809590505
726	-208	-1822290511	141007502	-1913274914	1058666187
727	255	1277406920	-36712392	-73639440	1217374927
728	325	-110886359	1720595865	-915124081	-716117949
729	-459	-2074333828	-2119922219	945590675	-1917113797
730	158	-1520663078	-2028047622	586084637	-240028571
731	-330	858909559	832962309	-1171866188	507854885
732	178	1047726732	318928579	1919403172	1920397247
733	491	963227444	-1668232585	919203354	809539510
734	326	2016233451	640273058	-1216435228	278866572
735	-70	-1265182035	-1570228063	-1892428838	200960142
736	500	-846849580	-405404546	-656671925	-962077714
737	-464	1283825676	-424815827	1530856101	-700934113
738	133	2111337820	-1783198125	-245618728	-483058235
739	345	-1290527444	-709395687	1969737403	-169428329
740	249	-559242048	749802011	-1897403188	-920114739
741	-313	1770080383	-1858064207	-649048270	1682116377
742	-479	-1866714453	-2129481883	-1225940403	-1839342232
743	-465	-1953388220	-910863439	552147531	254400001
744	25	-567450599	-1086108597	-1393580138	1262101142
745	-315	-1469889803	1442472813	-1481104010	1936772955
746	-415	-384813028	1686629283	-477382179	393016148
747	-501	-692519802	-11720699	1161888684	695376239
748	387	-521883212	-896649057	2054170311	796276165
749	-96	-2083118011	-1050850688	1144088785	118527356
750	-285	-1512742245	2082492358	-831256913	123967226
751	-474	-840801340	69783383	-969934176	1743909068
752	-202	-1144282950	-1983520028	1007495375	2100456018
753	423	1200296951	-753368863	-887805838	805678641
754	-127	1122352613	722040302	-1726164929	1847990015
755	-176	-1024206484	-1712675617	1142697473	-593911949
756	-312	-1727239443	509473396	-1052656131	1585672878
757	-312	1341477693	2017758780	249092049	-96294458
758	-391	-267356351	-1726175466	1211443946	1940173438
759	138	848448125	492249762	-1050371427	-1696066979
760	477	-1645462469	936211196	57368670	-830716168
761	-137	815048545	-1654220280	944298428	-2093005042
762	74	745548090	-66585342	2063307194	-1271293107
763	-14	1775818934	-158027023	-100381604	820918691
764	-64	-158489672	1579922396	220444277	752517466
765	-105	506693856	-1011454142	-2147456120	882691058
766	316	-756406891	130577554	-1924639715	802887785
767	369	201485553	645143647	-1762049589	1322882010
768	-219	347923375	-77540105	1562166416	1543756004
769	-262	247143610	-1914598707	-1145058323	316227297
770	-319	326786917	1389384535	345170101	610615606
771	-202	1338681845	386004934	28575829	-4144638
772	-121	-221838276	905931801	1579754918	-1237159059
773	-18	488916399	753061059	-164565525	-1956756992
774	-482	717467995	824902738	-1932828381	97623272
775	-410	-1197235750	1855240556	-381568827	-2031937254
776	-91	1840668723	-1782823885	-1984544475	1491301568
777	304	1334584111	-1859307174	-966723049	135680465
778	468	-379051004	-1125285553	-750335388	1123013062
779	-432	-1803466344	-1809338736	2061608209	1429723752
780	327	1460506856	-973405466	-1270738219	1857955424
781	-413	-258287311	2042038296	-1862338038	-1278052364
782	-26	-388801986	23056413	2082354102	-307439653
783	366	399034786	2019102795	-1927275195	-277428301
784	-65	-1876332356	-1089581087	2082170439	1353112775
785	438	-1386675878	117330228	-479489640	274571239
786	-510	-424056454	742134519	1245352664	1387595767
787	488	-1932808721	-1117311956	591359135	8355072
788	-291	-812324963	-1065958346	-2124356518	-1935441049
789	-458	-937538276	1705609391	-734788907	435178633
790	-456	1175988474	1339666277	-678259318	-812747787
791	100	-721039233	-518445738	-1635756502	1409429326
792	-143	361723757	1117254456	1565762708	-1157522423
793	-37	1261929187	1736934866	-511127671	1297073016
794	-44	-1904641220	-1391965596	1861664770	1332220765
795	-120	947165748	1506271223	-1064143274	808611604
796	-33	832197544	-1111640239	1575583560	477673810
797	131	1827063115	-528113487	-189517534	1792869239
798	186	-806959315	-1666259789	-115119131	-627747235
799	355	-1828690980	-1054205570	-1291985918	1554820693
800	459	-1813867196	938429666	638312503	509680756
801	34	-517706398	-995546081	2011771887	1297230115
802	-426	-1454181149	675686088	-540335003	-1617931834
803	196	-1504248447	-1054182587	-1906698161	1750329520
804	-162	562517924	-487071210	1091980179	1170592370
805	249	-161441400	1479022904	-351216410	981383021
806	346	388499404	468363481	-1004824431	-1977298862
807	-430	1116873662	-392111297	170178194	114026263
808	474	-1684340077	2024411534	1083501579	-465335418
809	-355	-269340902	1815300945	1674862573	-1414771262
810	205	-1615933401	578743164	-663989771	519604944
811	-197	33668075	973254355	936406178	-1730254995
812	212	1391412198	1438232375	1830363407	-1501731953
813	-7	-2096391458	-88063797	-1182010797	-1021162046
814	336	-253613340	-1625127445	-1150289962	-1748046656
815	-98	-92478088	1100740562	2015002863	-1360224509
816	254	417159505	1916284363	-1941795955	1934477970
817	440	-1186038659	-1390561022	-25490486	426420132
818	-275	-93965727	43508040	248981895	-930270381
819	297	-1365408148	1696574995	323426983	1374328760
820	-469	-1797937041	842183837	-1365261025	216499635
821	352	-409115359	-492520053	597996362	-1489281247
822	306	-1542687830	-795705355	-1782940757	757519189
823	-224	1771374126	1472963313	-650702296	220011630
824	383	1392495427	1772683182	1089967618	1709111444
825	-494	-616236766	-1988305834	30083916	2031297151
826	78	-1871417263	97056108	352054544	1468894827
827	426	-552760888	2101296255	-1249568418	1095964461
828	123	1314114716	-269633246	914398915	1684230178
829	296	-2115558554	-1179144377	331194462	-186697222
830	-105	-1998557021	-415653769	-1349995653	1646922497
831	168	-740986404	-1967756790	138654872	972137182
832	-32	397886158	2133546702	-917475459	-484935549
833	229	-1117547891	-1461444301	1525957575	984987399
834	347	-699845538	1488450649	986311653	458471906
835	66	297217943	1103115565	-751482996	1744481158
836	369	1448509362	-629339694	305019408	-1784407046
837	-393	1288126102	-349856735	-722260276	-479792205
838	453	20259221	959140239	-1944841082	-742180379
839	367	-1272480515	215785396	-1958813443	-27778297
840	-411	2055134948	-888612112	1257900424	-2089274065
841	-285	-51437121	-1433983053	1696755151	-330790423
842	211	-1054106814	-1597766545	2099546250	-759496845
843	338	-130257755	-2121784881	-1685622366	1440422802
844	-132	-1138155727	-122798034	812357725	1022465008
845	287	-1694186871	-126808668	279637024	1989630877
846	-325	1240732662	-2070871649	31161828	-1341204438
847	155	160289250	-1054185238	1930858876	1209455498
848	-170	-164017129	-198061075	344141686	1692842630
849	438	755906148	-1284619115	1243207066	-1841291952
850	92	832083128	-489744062	1944283721	817156121
851	499	376240195	-1604531882	425178971	-149097293
852	-174	-1114008312	1354105082	1728597176	-1340127829
853	346	-2087422611	-2024576708	1108481265	7419186
854	332	1241007362	1191189734	409852151	741356215
855	11	-1417577152	-1446837099	1724155228	1181990548
856	-18	2000739139	-378468329	-1110075839	-1658849597
857	184	-1035504926	1554464070	-580151175	-74411783
858	384	2079522063	-2049110889	1964768461	-376955796
859	295	1989263580	-1952835807	-68706272	-963439556
860	317	1674871163	488405386	-1690858142	-1921243160
861	-366	1410134265	-1378945192	54034800	-841497197
862	-478	1491555104	366623120	514602344	-1998243544
863	-100	-506982402	-825655659	1068721262	1178802212
864	47	1131488749	-188383164	-1418055121	609232518
865	163	-501647024	-1870879863	-1854578342	-2112908077
866	-314	1294939494	524124155	468527388	629806776
867	348	924795707	-1082937888	-661640774	1775802318
868	4	-1364541860	995004665	-781110309	673081459
869	-287	62948981	1157833739	1603730359	-1134087737
870	129	-586693418	439780005	1278867967	-597616479
871	79	1075728612	1851880404	328938196	-227411640
872	-250	1341500136	713388293	284019007	-219589569
873	419	861917008	-1908261986	870305245	-235969894
874	-116	1869884746	1744279680	-1436001366	1793169392
875	166	-1540418763	774807726	-410448017	1521403407
876	119	-1470933305	-1053508037	1659000066	-1921710392
877	-340	123295263	736691160	1090624199	266342347
878	390	200478140	-1962444561	486374430	-734871214
879	116	1330104455	-2084970496	271026615	1391457506
880	-350	-1282951873	451216087	-301414694	-1611121351
881	150	-1825445761	1369275774	-1931733923	700350495
882	299	-633244621	-559490424	1611759844	1725974210
883	0	-964668418	122328149	-1519671021	1159336011
884	327	-652056131	-359966601	978111021	-1779003959
885	-288	1828628324	350102797	-740006993	1353212883
886	-58	-1452721958	1152579779	415280539	-974984689
887	-421	673810393	-230299106	-99696392	1931221753
888	-228	-349494748	-769790628	-914380608	65387592
889	-123	1822378559	1715005878	923109791	973218191
890	-484	1846664727	1119518187	1108217163	854757459
891	-57	-629315203	-1381774957	-433946113	718761632
892	48	-568876359	965060956	-804875105	-705776617
893	262	335307216	2028196791	1776291454	-1012547104
894	-273	23344420	-1611441074	228187497	-135806056
895	84	1569651062	-2089812340	2100844775	159646023
896	-56	183542389	187063085	1246377023	426028947
897	472	-389175293	-229119096	413385452	-988973126
898	456	1566391076	-1943151225	-1285792130	1603845683
899	-502	-838451210	-990134047	-287642112	1846967608
900	-90	2040490651	1433756393	-1212374469	-1193192360
901	-476	337465066	-1693151949	450047946	373821950
902	239	1439447849	-395309465	-494289565	308311870
903	-113	1494292245	-1925495145	388109942	-1398538061
904	459	-625971250	328046466	1549765721	1318386705
905	-19	720224620	774313021	-1127315858	1919644914
906	43	-244348963	128528761	-508867948	-1797253202
907	438	-966469456	-1567280277	1989007598	-2027894197
908	-29	329439878	-2061659810	-868886097	-1323548026
909	-315	-93934501	1239055748	-210884378	450772082
910	-136	563953241	1785103789	1346489828	-548060732
911	-371	1180897828	1358193492	-1874740948	-251662338
912	-91	114694824	2044757108	1335161309	-102763520
913	358	542723945	646243304	1706836930	691878392
914	-272	-2061925481	2008408299	1906719876	-332715603
915	457	325605148	328781402	95376751	1526337608
916	-381	-1242144734	1576390102	561427134	41138263
917	222	-1557754596	1990983479	-1284848241	592043718
918	-456	1174385459	1490486750	-982908048	369810564
919	-130	237896717	-1067046444	1462519040	326220006
920	-361	-1105792257	1986623995	-2075585382	1306312135
921	-7	-1879299477	680958759	-763178366	-2087687939
922	508	-332284230	-930482353	-2060038567	-357928576
923	-381	1740551858	-790637309	1439410611	1530876624
924	-482	1959113184	-743028468	849022347	1834564631
925	366	-711607141	397661107	-357648513	-1067122773
926	-479	258948142	1381638566	531770198	83777402
927	411	1878549064	-2098860153	-340141775	549356574
928	-89	-1997862042	556677429	-126971993	-872419507
929	332	897781513	381028305	-1830244503	1016964368
930	424	817581420	1216292392	-1794904653	-1667143231
931	92	-5125426	1452499780	600389734	-2124525709
932	353	-1831858130	-536160369	629762805	1470777776
933	452	244363702	422270700	2082375943	-1358304379
934	5	883145818	-1338612578	41604029	-1489252784
935	-424	-2009141477	1936912118	745429171	-1484882268
936	-121	1170945961	-1344011420	-503912611	1720918336
937	-283	-2013422259	1785225412	-11407793	-580918636
938	-429	-1727917141	126163901	328339214	1694515936
939	-29	-1296615699	1061269025	1704935132	719487785
940	66	247641119	-996686867	1257288400	-603278973
941	26	876340646	-1331414739	-883316247	-1080650638
942	-217	-937513061	-703352878	-642904748	-1290696644
943	-99	1117514839	-1132260421	1555671286	327443842
944	178	1081156116	1979348290	-1217863008	1540752589
945	-282	481199587	904449156	1995812032	842202655
946	300	-1506328863	1276493078	-1616174342	1200236832
947	226	-927678901	-1882649125	-2012925603	-80589868
948	393	1487526050	2019614234	-541796344	1246534818
949	-285	1268142427	-1163686991	571354669	-483211673
950	290	1981629939	1785581727	1718296662	661024002
951	289	461827120	-45213994	-670274538	230142314
952	-217	-639316313	1073353103	-1963072903	-690967556
953	223	812305215	1000388328	-775947602	2011917833
954	435	-1638427218	-901987527	-40798545	-190001331
955	13	258883285	915657395	-735158679	-974350781
956	-485	-511359979	-665455630	1488557533	1221413238
957	-396	1508992308	920531090	-409564740	1982705378
958	-189	1960323213	1567227973	562736515	-38032303
959	49	348460686	730479079	-246730719	-655175935
960	-88	265222994	-785598109	-1936208263	-1206069555
961	-60	1362139003	2078808188	2069172799	-857731319
962	-323	433848295	-319804689	-727830162	-1252198847
963	-366	-781454334	-314954582	210742870	2030421719
964	430	1908849247	-1093332837	818956177	2075547716
965	481	-1107230924	1170508149	1080993269	-971965831
966	-269	1370273095	-196175882	-7464482	-1503971808
967	76	-126810345	1257787953	1741955191	1037185410
968	305	206617215	1943420542	-1582136994	2124760519
969	109	201942828	624563536	1144260236	613327626
970	-511	-1404483460	1381079886	1928935888	1537535769
971	60	-546882374	-1397713312	1228591736	246479201
972	-67	-117202325	-1162762303	1887694375	-1553147263
973	-269	1700729057	-1941677833	976863358	1588367814
974	428	-1097640734	-2144130582	-377872675	-1714253623
975	447	-1950852584	-1338485146	845752212	-427793320
976	-302	-887158415	-1301799839	-690880739	-1287812112
977	143	286806320	1573646641	-361678921	1488081148
978	203	1977101806	1197435939	2097508728	1194407757
979	-449	103946256	-880491475	394571563	264387419
980	508	-348718926	-568351754	-2027599652	-1300587044
981	-512	-670285749	-1510813866	-431339321	-120331462
982	-195	363279612	-1281063251	-2062528340	-1948641433
983	228	1504001284	1060777463	1461249658	-1736711237
984	122	1788869387	-1878309297	-1432604616	891403288
985	-365	863389871	1644755675	-440754149	741166039
986	-125	1970263421	-1987934153	834709816	-169192387
987	-351	-819373880	1375831073	-454606035	-271982475
988	407	-1014178475	-1570914322	-123178035	-1909284468
989	-7	1566824883	1864475993	259470435	-1085207227
990	-444	-1510841246	1959659023	2105979688	221667667
991	487	-1109768398	-1704170291	-1227139360	1353653225
992	-7	207607478	2099452877	-934492250	-1051323100
993	-503	-41017257	-1707936881	-727685933	119400615
994	451	-498315210	1515523183	1606343502	2007589255
995	460	680527991	1357323120	1036431267	-2006428754
996	253	-1563452892	345494826	1757098455	1143705710
997	-308	-879984892	-1532796146	1211587328	409373129
998	-336	219299258	1267636170	-725801729	-898775838
999	154	770140935	245027728	429346012	309959355
1000	96	-1275498478	-480623507	-1801346489	2103395364
1001	220	239528399	2114428731	-1937871907	-2051453141
1002	142	1623040486	-256626995	1957465747	-1993449233
1003	77	-751381642	-7684306	1229400237	968152375
1004	225	-1811313357	-799087092	564187363	99134362
1005	-63	549145684	551198580	476653305	-963856164
1006	347	-855593844	-499563614	1815575802	1422606377
1007	207	-1286893967	713768807	1279789667	192173909
1008	234	-2018909830	-410186844	-1116106013	-195984916
1009	-475	-1726156306	158231286	-327585483	-376057327
1010	338	-404611668	1145976949	-1285387528	-652973435
1011	-356	-1020553281	1854724878	-165048272	-928191209
1012	-207	-1439217975	-1447448803	-800272884	291662614
1013	-55	1337038515	1911341222	-1941451844	1522896411
1014	82	-1778644832	28410628	1968907793	212417079
1015	-350	-916909716	929448275	1167536129	1198847207
1016	54	-544874635	-1378864125	817134225	597974623
1017	-378	1498973159	-692192314	-70450993	-520939630
1018	78	846021920	-1928854802	1012250534	1120695958
1019	-326	38461758	1744869715	-679222748	645158938
1020	-246	854659154	1315806515	-1428866077	-862438681
1021	424	1021978364	-1921326015	-125214376	257798515
1022	447	1662704379	1016645943	-1717323741	1348409430
1023	-319	376243944	-1263444478	1817174635	645542317
